8085068
8068937
8078194
8069681
8056880
8078419
8060249
110436286
110432718
8074669
8072459
110431939
110431617
8082873
8069289
8065469
8058076
8068520
8068335
8063191
8085086
8084436
8081220
8079784
8079707
8078774
8077286
8076693
8074561
8071495
8068428
8067459
8066214
8065948
8062166
8062145
8058793
8054575
110434317
110432996
8075480
8075273
8074191
8062518
8057327
8063812
8073409
8082608
8074610
8066545
8057457
8065140
8063617
8083653
8082659
8082221
8081671
8077128
8061265
8076746
8060587
8055864
8076596
8061626
8076505
8070757
8067292
8067103
8066512
8057807
8068479
8063402
8061542
8072810
8081653
8077776
8061260
8060940
8056792
8054794
8056957
8073408
8057454

8080396
